         TOF        Yobs        Ycal     YcalBad
     7701.46    19100.00    19063.00    19060.00
     7705.32    18930.00    19061.00    19060.00
     7709.18    18985.00    19058.00    19060.00
     7713.02    18459.00    19055.00    19060.00
     7716.87    18550.00    19053.00    19050.00
     7720.73    17939.00    19050.00    19050.00
     7724.58    17566.00    19047.00    19050.00
     7728.46    18443.00    19044.00    19040.00
     7732.33    18082.00    19042.00    19040.00
     7736.19    18315.00    19039.00    19040.00
     7740.05    18412.00    19036.00    19040.00
     7743.92    18212.00    19034.00    19030.00
     7747.80    18417.00    19031.00    19030.00
     7751.67    18920.00    19028.00    19030.00
     7755.55    17986.00    19026.00    19030.00
     7759.42    18282.00    19023.00    19020.00
     7763.31    18174.00    19021.00    19020.00
     7767.19    18650.00    19018.00    19020.00
     7771.06    18396.00    19015.00    19020.00
     7774.95    18047.00    19013.00    19010.00
     7778.84    18178.00    19010.00    19010.00
     7782.73    18399.00    19007.00    19010.00
     7786.62    19206.00    19005.00    19000.00
     7790.51    18552.00    19002.00    19000.00
     7794.41    18194.00    19000.00    19000.00
     7798.32    18519.00    18997.00    19000.00
     7802.21    18171.00    18994.00    18990.00
     7806.11    18557.00    18992.00    18990.00
     7810.02    17981.00    18989.00    18990.00
     7813.92    17989.00    18987.00    18990.00
     7817.83    19233.00    18984.00    18980.00
     7821.73    19249.00    18981.00    18980.00
     7825.65    19326.00    18979.00    18980.00
     7829.56    19309.00    18976.00    18980.00
     7833.46    19803.00    18974.00    18970.00
     7837.38    18504.00    18971.00    18970.00
     7841.30    18907.00    18968.00    18970.00
     7845.22    17966.00    18966.00    18970.00
     7849.14    18387.00    18963.00    18960.00
     7853.08    17900.00    18961.00    18960.00
     7857.02    18315.00    18958.00    18960.00
     7860.94    18430.00    18956.00    18960.00
     7864.85    18311.00    18953.00    18950.00
     7868.79    19034.00    18951.00    18950.00
     7872.73    19214.00    18948.00    18950.00
     7876.66    18928.00    18946.00    18950.00
     7880.61    18449.00    18943.00    18940.00
     7884.55    18475.00    18941.00    18940.00
     7888.48    19320.00    18938.00    18940.00
     7892.44    18113.00    18936.00    19040.00
     7896.39    18858.00    18933.00    19040.00
     7900.34    18676.00    18931.00    19050.00
     7904.29    18392.00    18928.00    19050.00
     7908.24    17315.00    18926.00    19060.00
     7912.19    18322.00    18923.00    19070.00
     7916.14    18879.00    18921.00    19080.00
     7920.09    18515.00    18918.00    19100.00
     7924.06    17534.00    18916.00    19120.00
     7928.02    18868.00    18913.00    19140.00
     7931.99    18175.00    18911.00    19170.00
     7935.96    18374.00    18908.00    19200.00
     7939.92    18039.00    18906.00    19260.00
     7943.89    19335.00    19009.00    19360.00
     7947.85    19466.00    19014.00    19540.00
     7951.84    18310.00    19020.00    19910.00
     7955.82    18695.00    19028.00    20710.00
     7959.80    18529.00    19036.00    22410.00
     7963.78    18230.00    19046.00    25870.00
     7967.76    19167.00    19058.00    32510.00
     7971.74    18869.00    19077.00    44060.00
     7975.72    18558.00    19094.00    62320.00
     7979.71    18481.00    19114.00    88030.00
     7983.69    18823.00    19140.00   119810.00
     7987.68    19301.00    19173.00   153830.00
     7991.68    19087.00    19219.00   184100.00
     7995.68    19460.00    19290.00   204980.00
     7999.67    19562.00    19415.00   213360.00
     8003.67    19663.00    19656.00   209610.00
     8007.68    20190.00    20158.00   196790.00
     8011.68    21112.00    21214.00   179110.00
     8015.68    22962.00    23396.00   160080.00
     8019.69    25657.00    27745.00   141800.00
     8023.70    33612.00    35611.00   125280.00
     8027.71    48351.00    48695.00   110720.00
     8031.73    70444.00    68256.00    98080.00
     8035.74    98252.00    94172.00    87380.00
     8039.77   128041.00   124286.00    78810.00
     8043.79   157954.00   154013.00    72940.00
     8047.80   180194.00   177925.00    70340.00
     8051.83   190589.00   192014.00    71580.00
     8055.86   194715.00   194767.00    76780.00
     8059.89   190164.00   187745.00    85180.00
     8063.91   174024.00   174293.00    94940.00
     8067.94   159554.00   157942.00   103560.00
     8071.98   144696.00   141234.00   108730.00
     8076.03   128662.00   125632.00   109160.00
     8080.05   108322.00   111643.00   105050.00
     8084.08    97453.00    99258.00    97640.00
     8088.12    85494.00    88451.00    88520.00
     8092.17    76021.00    79479.00    79120.00
     8096.23    69562.00    72641.00    70300.00
     8100.28    66607.00    68579.00    62520.00
     8104.33    63880.00    67894.00    55930.00
     8108.37    69611.00    70911.00    50520.00
     8112.43    76616.00    77358.00    46340.00
     8116.48    86090.00    85990.00    43600.00
     8120.54    93110.00    94716.00    42680.00
     8124.60    99895.00   101214.00    44090.00
     8128.66   100319.00   103770.00    48240.00
     8132.73    99370.00   101888.00    55150.00
     8136.81    94524.00    96276.00    64040.00
     8140.88    86932.00    88347.00    73330.00
     8144.95    79918.00    79554.00    80960.00
     8149.03    69967.00    70975.00    85280.00
     8153.10    63279.00    63225.00    85580.00
     8157.17    56345.00    56562.00    82260.00
     8161.25    50485.00    51077.00    76490.00
     8165.32    44509.00    46867.00    69560.00
     8169.41    42658.00    44118.00    62510.00
     8173.50    43568.00    43192.00    55990.00
     8177.57    45405.00    44485.00    50080.00
     8181.66    48253.00    48269.00    45180.00
     8185.76    55482.00    54375.00    41010.00
     8189.85    61262.00    61883.00    37520.00
     8193.94    68282.00    69339.00    34590.00
     8198.04    74223.00    75014.00    32140.00
     8202.15    75217.00    77641.00    30140.00
     8206.25    74622.00    76865.00    28550.00
     8210.36    72832.00    73229.00    27480.00
     8214.46    68168.00    67786.00    27060.00
     8218.56    62689.00    61621.00    27600.00
     8222.67    57570.00    55542.00    29520.00
     8226.77    52456.00    49999.00    33240.00
     8230.89    48807.00    45141.00    38960.00
     8235.01    43961.00    40824.00    46350.00
     8239.11    38532.00    37353.00    54390.00
     8243.23    35687.00    34421.00    61630.00
     8247.37    32936.00    31955.00    66600.00
     8251.49    31329.00    29905.00    68420.00
     8255.61    29308.00    28216.00    67070.00
     8259.74    27196.00    26866.00    63440.00
     8263.88    25923.00    25884.00    58500.00
     8268.01    25562.00    25401.00    53180.00
     8272.15    25899.00    25631.00    48110.00
     8276.28    26701.00    26928.00    43570.00
     8280.41    30381.00    29724.00    39660.00
     8284.55    34360.00    34357.00    36330.00
     8288.68    40302.00    40821.00    33540.00
     8292.83    49323.00    48569.00    31180.00
     8296.98    56115.00    56354.00    29220.00
     8301.13    63611.00    62700.00    27600.00
     8305.28    68836.00    66385.00    26300.00
     8309.43    70729.00    66860.00    25340.00
     8313.60    65861.00    64622.00    24800.00
     8317.75    61167.00    60493.00    24830.00
     8321.90    57744.00    55467.00    25640.00
     8326.06    52798.00    50321.00    27420.00
     8330.23    48086.00    45547.00    30190.00
     8334.39    43378.00    41348.00    33860.00
     8338.56    40117.00    37753.00    37820.00
     8342.72    35874.00    34716.00    41300.00
     8346.91    31869.00    32158.00    43580.00
     8351.09    29742.00    30024.00    44250.00
     8355.25    27379.00    28268.00    43370.00
     8359.43    27474.00    26851.00    41350.00
     8363.61    24799.00    25792.00    38740.00
     8367.79    23745.00    25159.00    35980.00
     8371.97    25883.00    25089.00    33390.00
     8376.15    26589.00    25779.00    31080.00
     8380.35    27273.00    27428.00    29100.00
     8384.55    30307.00    30051.00    27410.00
     8388.74    32763.00    33571.00    26000.00
     8392.94    37001.00    37414.00    24820.00
     8397.13    40450.00    40838.00    23820.00
     8401.33    42276.00    43130.00    22990.00
     8405.52    42681.00    43881.00    22290.00
     8409.72    40860.00    43117.00    21700.00
     8413.93    41658.00    41204.00    21210.00
     8418.14    37973.00    38659.00    20790.00
     8422.34    34491.00    35952.00    20450.00
     8426.55    32824.00    33368.00    20160.00
     8430.78    30184.00    31055.00    19870.00
     8434.99    29921.00    29070.00    19670.00
     8439.20    27113.00    27388.00    19500.00
     8443.43    25307.00    25969.00    19360.00
     8447.65    25156.00    24780.00    19240.00
     8451.88    24476.00    23783.00    19150.00
     8456.10    23350.00    22948.00    19060.00
     8460.33    22655.00    22249.00    18990.00
     8464.56    22029.00    21663.00    18930.00
     8468.78    21376.00    21172.00    18880.00
     8473.01    21326.00    20761.00    18840.00
     8477.25    19808.00    20415.00    18810.00
     8481.49    20378.00    20126.00    18780.00
     8485.74    19876.00    19883.00    18750.00
     8489.98    20503.00    19634.00    18730.00
     8494.22    19683.00    19469.00    18710.00
     8498.48    19024.00    19331.00    18700.00
     8502.72    18653.00    19215.00    18680.00
     8506.96    19735.00    19118.00    18680.00
     8511.22    19312.00    19036.00    18670.00
     8515.47    19236.00    18967.00    18660.00
     8519.73    19218.00    18909.00    18650.00
     8523.99    18677.00    18860.00    18650.00
     8528.25    19170.00    18819.00    18640.00
     8532.52    19335.00    18784.00    18620.00
     8536.79    19715.00    18755.00    18620.00
     8541.05    19171.00    18730.00    18620.00
     8545.32    19227.00    18709.00    18620.00
     8549.59    19230.00    18691.00    18620.00
     8553.87    18502.00    18676.00    18620.00
     8558.15    18433.00    18663.00    18620.00
     8562.44    18575.00    18660.00    18630.00
     8566.71    18706.00    18651.00    18640.00
     8570.99    18611.00    18643.00    18670.00
     8575.27    18381.00    18637.00    18730.00
     8579.56    18530.00    18631.00    19020.00
     8583.85    17898.00    18627.00    19310.00
     8588.15    18639.00    18600.00    19840.00
     8592.46    18128.00    18600.00    20750.00
     8596.74    19775.00    18600.00    22140.00
     8601.03    19515.00    18600.00    24030.00
     8605.33    19685.00    18601.00    26300.00
     8609.64    19698.00    18602.00    28610.00
     8613.94    18818.00    18605.00    30550.00
     8618.26    18038.00    18611.00    31750.00
     8622.56    19290.00    18621.00    32050.00
     8626.86    19243.00    18643.00    31550.00
     8631.18    17854.00    18691.00    30500.00
     8635.50    18139.00    18961.00    29240.00
     8639.82    18689.00    19186.00    28060.00
     8644.14    19166.00    19613.00    27260.00
     8648.46    20377.00    20368.00    27230.00
     8652.77    22365.00    21587.00    28660.00
     8657.11    22588.00    23360.00    32830.00
     8661.44    24837.00    25628.00    41770.00
     8665.78    28152.00    28146.00    58280.00
     8670.11    29282.00    30504.00    85160.00
     8674.44    31516.00    32260.00   123790.00
     8678.78    31177.00    33117.00   172280.00
     8683.11    32711.00    33032.00   224580.00
     8687.46    31274.00    32197.00   271660.00
     8691.81    31063.00    30941.00   304120.00
     8696.16    29482.00    29619.00   316540.00
     8700.51    28583.00    28570.00   309140.00
     8704.85    28317.00    28188.00   286750.00
     8709.20    29129.00    29094.00   256050.00
     8713.55    32904.00    32375.00   223040.00
     8717.90    38338.00    39808.00   191640.00
     8722.27    52848.00    53913.00   163640.00
     8726.63    78245.00    77293.00   139660.00
     8731.00   114377.00   111464.00   119480.00
     8735.36   158772.00   155209.00   102610.00
     8739.72   211339.00   203544.00    88550.00
     8744.10   253563.00   248499.00    76810.00
     8748.47   271506.00   281139.00    67080.00
     8752.83   283836.00   295935.00    58980.00
     8757.21   281774.00   292117.00    52220.00
     8761.59   271718.00   273408.00    46600.00
     8765.97   241231.00   245819.00    41920.00
     8770.35   215135.00   215108.00    38020.00
     8774.75   187502.00   185218.00    34770.00
     8779.14   155675.00   158365.00    32060.00
     8783.52   132480.00   135305.00    29820.00
     8787.92   111316.00   115789.00    27940.00
     8792.31    93878.00    99471.00    26380.00
     8796.71    82988.00    85875.00    25080.00
     8801.10    69545.00    74567.00    24000.00
     8805.49    60915.00    65163.00    23090.00
     8809.91    55747.00    57318.00    22340.00
     8814.32    49123.00    50809.00    21720.00
     8818.73    43557.00    45394.00    21210.00
     8823.14    40657.00    40893.00    20800.00
     8827.55    37170.00    37151.00    20480.00
     8831.96    36190.00    34040.00    20270.00
     8836.37    33797.00    31451.00    20210.00
     8840.79    29926.00    29291.00    20380.00
     8845.22    28061.00    27496.00    20860.00
     8849.63    26772.00    26008.00    21780.00
     8854.05    25953.00    24767.00    23190.00
     8858.48    24638.00    23736.00    25010.00
     8862.90    23485.00    22879.00    27020.00
     8867.35    23205.00    22153.00    28850.00
     8871.79    21910.00    21564.00    30110.00
     8876.23    21918.00    21079.00    30590.00
     8880.65    22334.00    20687.00    30010.00
     8885.08    21174.00    20383.00    29140.00
     8889.54    21387.00    20176.00    27910.00
     8893.99    21126.00    20103.00    26580.00
     8898.43    21398.00    20233.00    25320.00
     8902.87    22128.00    20671.00    24200.00
     8907.33    22311.00    21548.00    23240.00
     8911.79    23729.00    22965.00    22440.00
     8916.24    25805.00    24913.00    21770.00
     8920.70    27209.00    27211.00    21210.00
     8925.15    30098.00    29496.00    20750.00
     8929.62    31269.00    31330.00    20360.00
     8934.10    30496.00    32346.00    20040.00
     8938.55    29942.00    32159.00    19780.00
     8943.01    30082.00    31446.00    19560.00
     8947.48    29974.00    30180.00    19380.00
     8951.97    28448.00    28663.00    19230.00
     8956.45    27187.00    27137.00    19100.00
     8960.93    24111.00    25745.00    19000.00
     8965.40    23786.00    24535.00    18910.00
     8969.88    23281.00    23508.00    18840.00
     8974.37    23210.00    22651.00    18780.00
     8978.86    22169.00    21938.00    18730.00
     8983.34    21497.00    21348.00    18690.00
     8987.83    20985.00    20858.00    18650.00
     8992.33    19263.00    20451.00    18620.00
     8996.83    20799.00    20114.00    18600.00
     9001.34    19915.00    19834.00    18580.00
     9005.84    19354.00    19603.00    18560.00
     9010.34    19750.00    19411.00    18550.00
     9014.84    18948.00    19252.00    18540.00
     9019.35    18960.00    19121.00    18530.00
     9023.85    18828.00    19011.00    18520.00
     9028.37    19294.00    18921.00    18510.00
     9032.88    18361.00    18845.00    18510.00
     9037.40    18210.00    18783.00    18500.00
     9041.92    18792.00    18731.00    18500.00
     9046.43    18176.00    18688.00    18490.00
     9050.97    18721.00    18652.00    18490.00
     9055.49    17793.00    18623.00    18490.00
     9060.00    18458.00    18598.00    18490.00
     9064.54    18551.00    18578.00    18480.00
     9069.07    18802.00    18560.00    18480.00
     9073.60    20088.00    18546.00    18470.00
     9078.13    19185.00    18534.00    18470.00
     9082.68    18664.00    18524.00    18470.00
     9087.23    18141.00    18516.00    18470.00
     9091.76    18701.00    18509.00    18470.00
     9096.31    18654.00    18503.00    18470.00
     9100.86    18411.00    18498.00    18590.00
     9105.41    18678.00    18494.00    18590.00
     9109.97    18308.00    18490.00    18600.00
     9114.52    18707.00    18487.00    18610.00
     9119.07    18813.00    18485.00    18630.00
     9123.63    19872.00    18471.00    18640.00
     9128.19    20299.00    18470.00    18660.00
     9132.76    19151.00    18470.00    18670.00
     9137.32    19072.00    18470.00    18700.00
     9141.90    19038.00    18469.00    18720.00
     9146.48    18031.00    18469.00    18750.00
     9151.04    18567.00    18469.00    18800.00
     9155.62    19272.00    18469.00    18860.00
     9160.20    19761.00    18593.00    18970.00
     9164.78    17577.00    18602.00    19170.00
     9169.36    18400.00    18612.00    19570.00
     9173.93    18092.00    18623.00    20430.00
     9178.53    17858.00    18636.00    22260.00
     9183.12    19165.00    18651.00    26040.00
     9187.72    18893.00    18668.00    33360.00
     9192.31    17945.00    18687.00    46400.00
     9196.90    18922.00    18709.00    67370.00
     9201.50    18617.00    18736.00    97390.00
     9206.09    17890.00    18768.00   135110.00
     9210.70    18602.00    18810.00   175970.00
     9215.31    19365.00    18866.00   212610.00
     9219.92    20027.00    18952.00   237770.00
     9224.53    19289.00    19099.00   247140.00
     9229.14    20030.00    19380.00   240860.00
     9233.75    19352.00    19958.00   222770.00
     9238.36    19595.00    21180.00   198310.00
     9242.98    22375.00    23736.00   172030.00
     9247.61    27195.00    28815.00   147220.00
     9252.23    36598.00    38196.00   125370.00
     9256.86    52128.00    53995.00   106830.00
     9261.48    80224.00    77882.00    91380.00
     9266.12   115645.00   109977.00    78560.00
     9270.76   154503.00   147400.00    67990.00
     9275.39   193726.00   184314.00    59320.00
     9280.03   223429.00   213941.00    52160.00
     9284.67   233913.00   230498.00    46280.00
     9289.31   233542.00   231950.00    41440.00
     9293.96   221882.00   220196.00    37460.00
     9298.60   206082.00   199875.00    34220.00
     9303.24   182760.00   175695.00    31620.00
     9307.90   157265.00   151414.00    29610.00
     9312.55   130315.00   129314.00    28250.00
     9317.21   110575.00   110223.00    27760.00
     9321.86    93398.00    94184.00    28630.00
     9326.53    78515.00    80842.00    31700.00
     9331.20    66631.00    69843.00    38140.00
     9335.86    60309.00    60821.00    49090.00
     9340.53    52969.00    53379.00    65150.00
     9345.20    44707.00    47264.00    85460.00
     9349.87    44888.00    42248.00   107340.00
     9354.54    41246.00    38140.00   126780.00
     9359.21    36770.00    34799.00   139850.00
     9363.90    34473.00    32120.00   144270.00
     9368.58    31423.00    30084.00   140190.00
     9373.27    29892.00    28771.00   129780.00
     9377.95    29579.00    28449.00   116010.00
     9382.64    30720.00    29679.00   101490.00
     9387.33    33905.00    33385.00    87880.00
     9392.03    42911.00    40817.00    75920.00
     9396.73    54272.00    53122.00    65800.00
     9401.41    74683.00    70608.00    57430.00
     9406.12    96921.00    92230.00    50500.00
     9410.83   115670.00   115000.00    44780.00
     9415.53   132042.00   134538.00    39930.00
     9420.23   145591.00   147008.00    36110.00
     9424.95   146378.00   150389.00    32960.00
     9429.67   142075.00   145132.00    30380.00
     9434.38   134078.00   133662.00    28260.00
     9439.10   121433.00   119035.00    26520.00
     9443.82   107633.00   103850.00    25090.00
     9448.53    92908.00    89741.00    23920.00
     9453.25    80769.00    77423.00    22960.00
     9457.98    68312.00    66999.00    22160.00
     9462.71    57913.00    58356.00    21510.00
     9467.45    51059.00    51236.00    20980.00
     9472.18    46369.00    45386.00    20540.00
     9476.91    39829.00    40585.00    20180.00
     9481.66    37513.00    36474.00    19890.00
     9486.40    35522.00    33253.00    19640.00
     9491.15    30814.00    30612.00    19440.00
     9495.90    29986.00    28447.00    19280.00
     9500.64    28210.00    26671.00    19150.00
     9505.39    26756.00    25214.00    19040.00
     9510.14    24651.00    24020.00    18940.00
     9514.89    24730.00    23040.00    18870.00
     9519.65    22581.00    22234.00    18810.00
     9524.41    22331.00    21573.00    18760.00
     9529.17    22279.00    21031.00    18720.00
     9533.94    22091.00    20587.00    18680.00
     9538.70    21176.00    20222.00    18650.00
     9543.48    22140.00    19922.00    18630.00
     9548.25    20956.00    19676.00    18610.00
     9553.02    21446.00    19475.00    18600.00
     9557.78    20926.00    19309.00    18500.00
     9562.57    20866.00    19173.00    18500.00
     9567.37    19728.00    19061.00    18500.00
     9572.14    18775.00    18969.00    18500.00
     9576.92    19313.00    18894.00    18500.00
     9581.71    18594.00    18832.00    18500.00
     9586.51    18861.00    18781.00    18500.00
     9591.30    20144.00    18739.00    18500.00
     9596.09    20455.00    18704.00    18500.00
     9600.89    20450.00    18676.00    18510.00
     9605.69    20706.00    18653.00    18510.00
     9610.50    20961.00    18634.00    18510.00
     9615.30    21622.00    18618.00    18510.00
     9620.09    19707.00    18510.00    18510.00
     9624.91    19613.00    18511.00    18510.00
     9629.74    20138.00    18512.00    18510.00
     9634.54    19672.00    18513.00    18510.00
     9639.35    19697.00    18515.00    18510.00
     9644.18    19070.00    18516.00    18520.00
     9649.00    18324.00    18517.00    18520.00
     9653.83    17790.00    18518.00    18520.00
     9658.65    17948.00    18519.00    18520.00
     9663.47    19272.00    18520.00    18520.00
     9668.31    19930.00    18522.00    18520.00
     9673.15    19981.00    18523.00    18520.00
     9677.99    19186.00    18524.00    18520.00
     9682.83    19025.00    18526.00    18530.00
     9687.67    18280.00    18527.00    18530.00
     9692.51    19456.00    18528.00    18530.00
     9697.34    18819.00    18529.00    18530.00
     9702.20    19442.00    18531.00    18530.00
     9707.05    20258.00    18532.00    18530.00
     9711.91    18822.00    18533.00    18530.00
     9716.76    18680.00    18535.00    18530.00
     9721.62    18609.00    18536.00    18540.00
     9726.49    18304.00    18538.00    18540.00
     9731.36    19113.00    18539.00    18540.00
     9736.21    19357.00    18541.00    18540.00
     9741.06    18487.00    18542.00    18540.00
     9745.95    18770.00    18543.00    18540.00
     9750.83    18463.00    18545.00    18540.00
     9755.70    19383.00    18546.00    18550.00
     9760.57    17710.00    18548.00    18550.00
     9765.46    18772.00    18549.00    18550.00
     9770.34    19739.00    18551.00    18550.00
     9775.23    18887.00    18553.00    18550.00
     9780.11    18424.00    18554.00    18550.00
     9785.00    18088.00    18556.00    18560.00
     9789.90    17448.00    18557.00    18560.00
     9794.80    17748.00    18559.00    18560.00
     9799.70    17299.00    18561.00    18560.00
     9804.60    18723.00    18562.00    18560.00
     9809.50    19739.00    18564.00    18560.00
     9814.40    17471.00    18566.00    18570.00
     9819.30    18118.00    18567.00    18570.00
     9824.20    18218.00    18569.00    18570.00
     9829.12    17382.00    18571.00    18570.00
     9834.03    17184.00    18572.00    18570.00
     9838.95    18600.00    18574.00    18570.00
     9843.88    18852.00    18576.00    18580.00
     9848.79    19270.00    18578.00    18580.00
     9853.71    18054.00    18580.00    18580.00
     9858.64    18437.00    18581.00    18580.00
     9863.57    18147.00    18583.00    18580.00
     9868.50    19800.00    18585.00    18580.00
     9873.43    18403.00    18587.00    18590.00
     9878.38    19151.00    18589.00    18590.00
     9883.33    18862.00    18591.00    18590.00
     9888.26    17790.00    18592.00    18590.00
     9893.20    18446.00    18594.00    18590.00
     9898.15    19952.00    18596.00    18600.00
     9903.10    18185.00    18598.00    18600.00
     9908.06    19153.00    18600.00    18600.00
     9913.00    18875.00    18602.00    18600.00
     9917.95    18905.00    18604.00    18600.00
     9922.91    18358.00    18606.00    18610.00
     9927.87    19037.00    18608.00    18610.00
     9932.83    18211.00    18610.00    18610.00
     9937.81    16745.00    18612.00    18610.00
     9942.79    17739.00    18614.00    18610.00
     9947.75    17134.00    18616.00    18620.00
     9952.73    17822.00    18618.00    18620.00
     9957.70    19131.00    18621.00    18620.00
     9962.68    18461.00    18623.00    18620.00
     9967.67    17806.00    18625.00    18620.00
     9972.65    17624.00    18627.00    18630.00
     9977.63    18724.00    18629.00    18630.00
     9982.62    19053.00    18631.00    18630.00
     9987.61    18499.00    18633.00    18630.00
     9992.60    17323.00    18636.00    18640.00
     9997.59    17850.00    18638.00    18640.00
    10002.60    17823.00    18640.00    18640.00
    10007.61    18527.00    18642.00    18640.00
    10012.60    17755.00    18645.00    18640.00
    10017.61    18731.00    18647.00    18650.00
    10022.62    17820.00    18649.00    18650.00
    10027.62    18098.00    18651.00    18650.00
    10032.65    18247.00    18654.00    18650.00
    10037.67    18418.00    18656.00    18660.00
    10042.69    19093.00    18658.00    18660.00
    10047.72    19789.00    18661.00    18670.00
    10052.74    18606.00    18663.00    18670.00
    10057.76    18200.00    18666.00    18670.00
    10062.78    18177.00    18668.00    18680.00
    10067.81    18274.00    18670.00    18680.00
    10072.84    18364.00    18673.00    18680.00
    10077.88    16782.00    18675.00    18690.00
    10082.92    17764.00    18678.00    18690.00
    10087.97    19211.00    18680.00    18700.00
    10093.01    17359.00    18683.00    18700.00
    10098.05    17775.00    18685.00    18710.00
    10103.10    17244.00    18688.00    18710.00
    10108.16    19181.00    18690.00    18720.00
    10113.21    18432.00    18706.00    18730.00
    10118.26    18098.00    18709.00    18740.00
    10123.32    18377.00    18713.00    18770.00
    10128.39    17782.00    18717.00    18830.00
    10133.45    18663.00    18721.00    18960.00
    10138.52    19224.00    18725.00    19220.00
    10143.59    18703.00    18730.00    19920.00
    10148.66    18678.00    18734.00    20850.00
    10153.73    18667.00    18739.00    22360.00
    10158.80    18730.00    18745.00    24550.00
    10163.88    19031.00    18751.00    27340.00
    10168.97    18356.00    18759.00    30400.00
    10174.05    19702.00    18768.00    33190.00
    10179.13    19783.00    18781.00    35150.00
    10184.23    19339.00    18802.00    35910.00
    10189.33    18674.00    18841.00    35460.00
    10194.42    18492.00    18919.00    34110.00
    10199.52    18967.00    19082.00    32270.00
    10204.62    18390.00    19415.00    30360.00
    10209.71    20112.00    20272.00    28650.00
    10214.83    22192.00    21464.00    27390.00
    10219.93    26112.00    23402.00    26820.00
    10225.03    26878.00    26233.00    27450.00
    10230.14    29419.00    29889.00    30280.00
    10235.26    30605.00    33956.00    37160.00
    10240.37    35384.00    37745.00    51000.00
    10245.50    37486.00    40508.00    75600.00
    10250.63    36894.00    41717.00   114230.00
    10255.75    37870.00    41304.00   167440.00
    10260.88    39157.00    39608.00   231400.00
    10266.01    33585.00    37183.00   296360.00
    10271.14    33539.00    34564.00   349650.00
    10276.28    32114.00    32146.00   380380.00
    10281.43    30034.00    30204.00   383760.00
    10286.56    27758.00    28983.00   362880.00
    10291.69    27086.00    28871.00   325840.00
    10296.85    27862.00    30693.00   281540.00
    10302.01    31320.00    36003.00   237460.00
    10307.15    42326.00    47288.00   197900.00
    10312.30    61301.00    67915.00   164240.00
    10317.46    99387.00   101292.00   136380.00
    10322.62   160151.00   148770.00   113720.00
    10327.78   221835.00   207650.00    95400.00
    10332.94   281861.00   270046.00    80620.00
    10338.10   336769.00   324414.00    68700.00
    10343.28   365970.00   359725.00    59060.00
    10348.45   372650.00   369648.00    51290.00
    10353.63   354005.00   355210.00    45040.00
    10358.81   327318.00   323077.00    40000.00
    10363.98   288264.00   281976.00    35940.00
    10369.16   244160.00   239424.00    32660.00
    10374.35   201605.00   200064.00    30010.00
    10379.54   167779.00   166129.00    27880.00
    10384.72   137202.00   138014.00    26160.00
    10389.91   113480.00   115007.00    24780.00
    10395.11    94604.00    96344.00    23660.00
    10400.31    78988.00    81341.00    22760.00
    10405.50    66961.00    69252.00    22030.00
    10410.70    60335.00    59489.00    21450.00
    10415.91    52942.00    51628.00    20980.00
    10421.12    44873.00    45301.00    20600.00
    10426.32    39825.00    40207.00    20290.00
    10431.54    35583.00    36094.00    20040.00
    10436.77    34306.00    32784.00    19840.00
    10441.97    31286.00    30128.00    19680.00
    10447.20    29601.00    27982.00    19550.00
    10452.43    26431.00    26234.00    19440.00
    10457.65    26438.00    24846.00    19360.00
    10462.88    22129.00    23727.00    19290.00
    10468.11    24421.00    22824.00    19230.00
    10473.35    24184.00    22096.00    19190.00
    10478.59    22929.00    21510.00    18910.00
    10483.82    20270.00    21038.00    18910.00
    10489.06    19527.00    20657.00    18920.00
    10494.30    20798.00    20350.00    18920.00
    10499.55    20322.00    20102.00    18920.00
    10504.80    19963.00    19901.00    18930.00
    10510.06    20021.00    19739.00    18930.00
    10515.31    19454.00    19609.00    18930.00
    10520.56    21568.00    19503.00    18940.00
    10525.83    21289.00    19418.00    18940.00
    10531.10    19283.00    19349.00    18940.00
    10536.37    18509.00    19293.00    18950.00
    10541.63    18200.00    19248.00    18950.00
    10546.90    20029.00    19212.00    18950.00
    10552.17    19789.00    18958.00    18960.00
    10557.45    18770.00    18962.00    18960.00
    10562.73    19431.00    18965.00    18970.00
    10568.00    19617.00    18969.00    18970.00
    10573.29    18767.00    18973.00    18970.00
    10578.58    18358.00    18976.00    18980.00
    10583.87    19458.00    18980.00    18980.00
    10589.15    20702.00    18984.00    18980.00
    10594.45    20803.00    18987.00    18990.00
    10599.75    19830.00    18991.00    18990.00
    10605.04    18055.00    18995.00    18990.00
    10610.34    18061.00    18999.00    19000.00
    10615.66    18643.00    19002.00    19000.00
    10620.97    19006.00    19006.00    19010.00
    10626.29    18926.00    19010.00    19010.00
    10631.60    17177.00    19014.00    19010.00
    10636.91    17927.00    19018.00    19020.00
    10642.23    19625.00    19021.00    19020.00
    10647.54    18618.00    19025.00    19030.00
    10652.87    18816.00    19029.00    19030.00
    10658.20    19131.00    19033.00    19030.00
    10663.53    17999.00    19037.00    19040.00
    10668.86    19281.00    19041.00    19040.00
    10674.19    19307.00    19044.00    19040.00
    10679.53    19890.00    19048.00    19050.00
    10684.87    20553.00    19052.00    19050.00
    10690.22    18923.00    19056.00    19060.00
    10695.56    19833.00    19060.00    19060.00
    10700.91    18844.00    19064.00    19060.00
    10706.27    18310.00    19068.00    19070.00
    10711.61    18632.00    19072.00    19070.00
    10716.96    19741.00    19076.00    19080.00
    10722.31    18797.00    19080.00    19090.00
    10727.67    18660.00    19084.00    19090.00
    10733.05    17945.00    19088.00    19100.00
    10738.42    18777.00    19092.00    19100.00
    10743.78    19033.00    19095.00    19110.00
    10749.16    17425.00    19099.00    19110.00
    10754.53    19363.00    19103.00    19120.00
    10759.91    19172.00    19108.00    19120.00
    10765.28    17316.00    19112.00    19130.00
    10770.66    18197.00    19116.00    19130.00
    10776.05    18579.00    19120.00    19140.00
    10781.44    17498.00    19124.00    19150.00
    10786.83    19669.00    19137.00    19160.00
    10792.22    18804.00    19141.00    19170.00
    10797.63    17803.00    19146.00    19190.00
    10803.03    17895.00    19151.00    19230.00
    10808.42    19462.00    19156.00    19310.00
    10813.83    20291.00    19161.00    19470.00
    10819.23    19339.00    19167.00    19800.00
    10824.64    19151.00    19172.00    20430.00
    10830.06    18042.00    19178.00    21510.00
    10835.48    17144.00    19184.00    23210.00
    10840.90    19122.00    19191.00    25540.00
    10846.32    17966.00    19198.00    28340.00
    10851.74    19159.00    19207.00    31180.00
    10857.17    18894.00    19218.00    33510.00
    10862.59    19409.00    19235.00    34830.00
    10868.02    17841.00    19264.00    34950.00
    10873.46    17975.00    19320.00    33990.00
    10878.89    19166.00    19435.00    32320.00
    10884.33    19769.00    19668.00    30350.00
    10889.77    17256.00    20121.00    28400.00
    10895.22    19852.00    20944.00    26660.00
    10900.67    21747.00    22296.00    25190.00
    10906.12    24928.00    24283.00    24000.00
    10911.57    26474.00    26851.00    23040.00
    10917.02    29533.00    29713.00    22270.00
    10922.48    31022.00    32374.00    21660.00
    10927.94    34975.00    34294.00    21170.00
    10933.41    31791.00    35090.00    20780.00
    10938.88    30969.00    34709.00    20470.00
    10944.34    31930.00    33399.00    20230.00
    10949.81    32402.00    31559.00    20040.00
    10955.29    28256.00    29566.00    19880.00
    10960.77    27113.00    27690.00    19760.00
    10966.26    26724.00    26060.00    19670.00
    10971.74    24422.00    24709.00    19590.00
    10977.22    21581.00    23614.00    19530.00
    10982.70    21719.00    22739.00    19480.00
    10988.20    19436.00    22039.00    19450.00
    10993.70    19688.00    21483.00    19420.00
    10999.20    21465.00    21041.00    19400.00
    11004.69    21498.00    20691.00    19380.00
    11010.19    21078.00    20413.00    19370.00
    11015.70    19953.00    20192.00    19360.00
    11021.20    20706.00    20017.00    19350.00
    11026.70    20897.00    19879.00    19350.00
    11032.23    18916.00    19770.00    19350.00
    11037.75    19642.00    19683.00    19350.00
    11043.27    18948.00    19616.00    19350.00
    11048.78    20209.00    19563.00    19350.00
    11054.31    19475.00    19521.00    19350.00
    11059.84    19071.00    19489.00    19350.00
    11065.37    17076.00    19464.00    19350.00
    11070.89    17349.00    19446.00    19350.00
    11076.42    18526.00    19431.00    19350.00
    11081.96    20968.00    19421.00    19360.00
    11087.51    18687.00    19413.00    19360.00
    11093.05    17286.00    19408.00    19360.00
    11098.59    19259.00    19405.00    19370.00
    11104.15    18062.00    19403.00    19370.00
    11109.71    19001.00    19403.00    19380.00
    11115.26    19767.00    19403.00    19380.00
    11120.82    19576.00    19404.00    19390.00
    11126.37    20343.00    19406.00    19390.00
    11131.93    20433.00    19408.00    19400.00
    11137.51    16638.00    19411.00    19400.00
    11143.08    17035.00    19404.00    19400.00
    11148.65    17851.00    19409.00    19410.00
    11154.23    19718.00    19413.00    19410.00
    11159.80    18778.00    19417.00    19420.00
    11165.38    19111.00    19422.00    19420.00
    11170.95    19114.00    19426.00    19430.00
    11176.54    18949.00    19431.00    19430.00
    11182.13    19890.00    19435.00    19430.00
    11187.72    17930.00    19439.00    19440.00
    11193.32    19323.00    19444.00    19440.00
    11198.91    18789.00    19448.00    19450.00
    11204.50    19441.00    19453.00    19450.00
    11210.11    17857.00    19457.00    19460.00
    11215.71    19655.00    19461.00    19460.00
    11221.33    20088.00    19466.00    19470.00
    11226.95    18075.00    19470.00    19470.00
    11232.56    17662.00    19475.00    19470.00
    11238.18    18700.00    19479.00    19480.00
    11243.80    18369.00    19483.00    19480.00
    11249.42    20349.00    19488.00    19490.00
    11255.04    19863.00    19492.00    19490.00
    11260.66    19759.00    19497.00    19500.00
    11266.29    18684.00    19501.00    19500.00
    11271.93    17495.00    19505.00    19510.00
    11277.56    18710.00    19510.00    19510.00
    11283.20    18543.00    19514.00    19510.00
    11288.83    17945.00    19519.00    19520.00
    11294.48    18359.00    19523.00    19520.00
    11300.13    18854.00    19527.00    19530.00
    11305.78    20984.00    19532.00    19530.00
    11311.44    18486.00    19536.00    19540.00
    11317.09    17820.00    19541.00    19540.00
    11322.75    18896.00    19545.00    19550.00
    11328.42    19433.00    19550.00    19550.00
    11334.08    19059.00    19554.00    19590.00
    11339.75    18977.00    19558.00    19600.00
    11345.42    19514.00    19563.00    19610.00
    11351.08    18793.00    19567.00    19620.00
    11356.76    17420.00    19572.00    19630.00
    11362.44    18733.00    19576.00    19630.00
    11368.13    18960.00    19580.00    19640.00
    11373.81    19637.00    19585.00    19660.00
    11379.49    19052.00    19589.00    19670.00
    11385.19    19700.00    19593.00    19680.00
    11390.88    18925.00    19598.00    19700.00
    11396.58    20825.00    19602.00    19730.00
    11402.27    20613.00    19607.00    19760.00
    11407.97    20690.00    19659.00    19820.00
    11413.67    21019.00    19667.00    19940.00
    11419.38    20032.00    19676.00    20180.00
    11425.09    18727.00    19685.00    20690.00
    11430.80    18636.00    19695.00    21760.00
    11436.52    19184.00    19705.00    23890.00
    11442.23    20493.00    19717.00    27790.00
    11447.95    19905.00    19729.00    34300.00
    11453.68    20311.00    19744.00    43990.00
    11459.41    20628.00    19760.00    56610.00
    11465.14    20451.00    19779.00    70760.00
    11470.86    19380.00    19804.00    83930.00
    11476.61    19752.00    19839.00    93370.00
    11482.35    20393.00    19895.00    97120.00
    11488.09    20810.00    19998.00    94920.00
    11493.83    22372.00    20204.00    88080.00
    11499.58    24130.00    20636.00    78670.00
    11505.33    24029.00    21545.00    68610.00
    11511.08    25249.00    23365.00    59480.00
    11516.82    30586.00    26777.00    51490.00
    11522.59    37221.00    32659.00    44910.00
    11528.37    45329.00    41726.00    39650.00
    11534.12    55530.00    54038.00    35500.00
    11539.88    69157.00    68584.00    32240.00
    11545.65    83293.00    83147.00    29680.00
    11551.43    85529.00    94771.00    27680.00
    11557.20    94806.00   101007.00    26120.00
    11562.99    94305.00   100914.00    24920.00
    11568.76    92994.00    95310.00    24000.00
    11574.54    86563.00    86159.00    23320.00
    11580.32    75851.00    75821.00    22870.00
    11586.11    66474.00    65554.00    22690.00
    11591.92    61923.00    56480.00    22910.00
    11597.72    51905.00    48932.00    23890.00
    11603.51    47511.00    42868.00    26390.00
    11609.31    41764.00    38051.00    31960.00
    11615.12    38164.00    34263.00    43230.00
    11620.92    36067.00    31297.00    64040.00
    11626.74    33163.00    28976.00    98830.00
    11632.56    30774.00    27172.00   150460.00
    11638.38    29705.00    25781.00   217570.00
    11644.20    25628.00    24725.00   292440.00
    11650.01    25498.00    23955.00   361650.00
    11655.83    24754.00    23458.00   410470.00
    11661.65    26990.00    23286.00   429000.00
    11667.49    28549.00    23622.00   416110.00
    11673.32    28157.00    24910.00   378870.00
    11679.16    29952.00    28100.00   328360.00
    11685.01    39191.00    34995.00   274810.00
    11690.84    50204.00    48469.00   225410.00
    11696.67    78322.00    72427.00   183150.00
    11702.52   117367.00   110842.00   148590.00
    11708.37   170911.00   165350.00   121030.00
    11714.24   231105.00   232999.00    99240.00
    11720.10   296130.00   304378.00    82140.00
    11725.95   352219.00   365699.00    68760.00
    11731.82   378557.00   404160.00    58250.00
    11737.68   391196.00   412514.00    50010.00
    11743.55   373274.00   392324.00    43550.00
    11749.43   335117.00   351769.00    38480.00
    11755.31   282372.00   301583.00    34510.00
    11761.19   247010.00   250827.00    31400.00
    11767.07   195844.00   205071.00    28960.00
    11772.95   156429.00   166486.00    27050.00
    11778.83   130938.00   135281.00    25550.00
    11784.71   109891.00   110494.00    24370.00
    11790.61    86979.00    90940.00    23450.00
    11796.50    73723.00    75608.00    22720.00
    11802.40    60118.00    63602.00    22150.00
    11808.31    48594.00    54179.00    21710.00
    11814.22    46011.00    46805.00    21350.00
    11820.13    39812.00    41035.00    21080.00
    11826.04    33548.00    36519.00    20860.00
    11831.95    33680.00    32983.00    20690.00
    11837.86    31278.00    30214.00    20550.00
    11843.77    29752.00    28045.00    20450.00
    11849.70    25965.00    26342.00    20360.00
    11855.63    24017.00    25008.00    20300.00
    11861.55    23200.00    23962.00    20250.00
    11867.48    21549.00    23142.00    20200.00
    11873.41    21266.00    22498.00    20170.00
    11879.35    20803.00    21991.00    19950.00
    11885.29    22537.00    21594.00    19950.00
    11891.23    21856.00    21281.00    19950.00
    11897.17    21498.00    21035.00    19960.00
    11903.13    21462.00    20841.00    19960.00
    11909.09    19641.00    20689.00    19970.00
    11915.03    20922.00    20568.00    19970.00
    11920.98    20608.00    20473.00    19970.00
    11926.96    20958.00    20398.00    19980.00
    11932.91    19645.00    20338.00    19980.00
    11938.87    20680.00    20291.00    19980.00
    11944.84    20342.00    20253.00    19990.00
    11950.81    21389.00    19991.00    20010.00
    11956.80    20995.00    19995.00    20020.00
    11962.79    19165.00    19999.00    20020.00
    11968.76    19452.00    20002.00    20030.00
    11974.75    20016.00    20006.00    20030.00
    11980.74    18263.00    20009.00    20040.00
    11986.73    19445.00    20013.00    20040.00
    11992.71    20044.00    20017.00    20050.00
    11998.70    20032.00    20020.00    20060.00
    12004.70    20193.00    20024.00    20070.00
    12010.71    19762.00    20027.00    20080.00
    12016.71    19927.00    20031.00    20090.00
    12022.73    21236.00    20034.00    20110.00
    12028.75    20909.00    20062.00    20140.00
    12034.75    20990.00    20067.00    20190.00
    12040.77    19039.00    20073.00    20300.00
    12046.80    20408.00    20079.00    20540.00
    12052.82    22423.00    20085.00    21220.00
    12058.84    20521.00    20092.00    22220.00
    12064.87    18343.00    20099.00    24070.00
    12070.90    19600.00    20106.00    27160.00
    12076.94    19839.00    20115.00    31810.00
    12082.97    22030.00    20124.00    37940.00
    12089.02    19144.00    20135.00    44910.00
    12095.07    20030.00    20149.00    51500.00
    12101.12    20792.00    20168.00    56310.00
    12107.16    19746.00    20198.00    58340.00
    12113.21    19035.00    20253.00    57400.00
    12119.28    20084.00    20361.00    54110.00
    12125.34    21790.00    20789.00    49540.00
    12131.41    22212.00    21279.00    44730.00
    12137.47    25748.00    22251.00    40530.00
    12143.53    26434.00    24057.00    37550.00
    12149.60    29193.00    27135.00    36490.00
    12155.68    32082.00    31865.00    38580.00
    12161.76    40186.00    38275.00    45970.00
    12167.84    45391.00    45809.00    62000.00
    12173.92    49490.00    53269.00    90750.00
    12180.00    52068.00    59142.00   135400.00
    12186.09    55646.00    62186.00   195860.00
    12192.18    52194.00    61945.00   265930.00
    12198.28    46912.00    58905.00   333580.00
    12204.37    48931.00    54146.00   384390.00
    12210.48    49029.00    48857.00   407380.00
    12216.59    45020.00    44052.00   399550.00
    12222.70    43187.00    40517.00   366530.00
    12228.81    39514.00    39067.00   318770.00
    12234.92    40674.00    40977.00   266800.00
    12241.05    46725.00    48427.00   217930.00
    12247.16    58648.00    64585.00   176100.00
    12253.27    91238.00    93143.00   142000.00
    12259.41   137979.00   136917.00   114870.00
    12265.55   202293.00   194823.00    93680.00
    12271.68   271278.00   260185.00    77250.00
    12277.80   341525.00   321576.00    64500.00
    12283.94   367649.00   365934.00    54600.00
    12290.10   381647.00   383737.00    46910.00
    12296.24   373708.00   373261.00    40960.00
    12302.38   349702.00   340450.00    36360.00
    12308.54   297671.00   294949.00    32780.00
    12314.69   248969.00   246346.00    30000.00
    12320.85   200661.00   201205.00    27850.00
    12327.00   161308.00   162674.00    26160.00
    12333.16   133750.00   131367.00    24870.00
    12339.33   107090.00   106557.00    23870.00
    12345.50    89846.00    87199.00    23090.00
    12351.67    71997.00    72171.00    22480.00
    12357.86    61715.00    60503.00    22010.00
    12364.03    51920.00    51496.00    21640.00
    12370.20    46405.00    44520.00    21360.00
    12376.39    44521.00    39106.00    21140.00
    12382.58    38251.00    34914.00    20960.00
    12388.78    35114.00    31660.00    20830.00
    12394.98    32708.00    29142.00    20720.00
    12401.17    32569.00    27196.00    20640.00
    12407.37    30979.00    25659.00    20570.00
    12413.58    28956.00    24487.00    20520.00
    12419.79    25496.00    23580.00    20480.00
    12425.99    24976.00    22876.00    20450.00
    12432.21    21530.00    22328.00    20230.00
    12438.42    23725.00    21902.00    20240.00
    12444.64    23371.00    21570.00    20240.00
    12450.86    24245.00    21312.00    20240.00
    12457.09    21877.00    21110.00    20240.00
    12463.32    22036.00    20952.00    20250.00
    12469.56    19137.00    20829.00    20250.00
    12475.79    19102.00    20732.00    20250.00
    12482.02    23043.00    20656.00    20250.00
    12488.27    19846.00    20596.00    20260.00
    12494.52    21592.00    20549.00    20260.00
    12500.76    20392.00    20511.00    20260.00
    12507.01    22650.00    20481.00    20260.00
    12513.26    20935.00    20264.00    20260.00
    12519.51    20992.00    20266.00    20270.00
    12525.77    21286.00    20268.00    20270.00
    12532.03    20961.00    20270.00    20270.00
    12538.30    21972.00    20273.00    20270.00
    12544.58    19734.00    20275.00    20270.00
    12550.85    19654.00    20277.00    20280.00
    12557.13    19038.00    20279.00    20280.00
    12563.41    20410.00    20281.00    20280.00
    12569.69    20600.00    20283.00    20280.00
    12575.97    21673.00    20285.00    20280.00
    12582.25    20493.00    20287.00    20290.00
    12588.54    23316.00    20289.00    20290.00
    12594.83    19653.00    20291.00    20290.00
    12601.13    19302.00    20293.00    20290.00
    12607.44    19403.00    20295.00    20290.00
    12613.75    20735.00    20297.00    20300.00
    12620.05    23171.00    20299.00    20300.00
    12626.36    22263.00    20300.00    20300.00
    12632.67    21738.00    20302.00    20300.00
    12638.98    20955.00    20304.00    20300.00
    12645.31    19900.00    20306.00    20310.00
    12651.63    20623.00    20308.00    20310.00
    12657.96    21842.00    20309.00    20310.00
    12664.28    21352.00    20311.00    20310.00
    12670.60    20339.00    20313.00    20310.00
    12676.94    18309.00    20315.00    20310.00
    12683.28    21048.00    20316.00    20320.00
    12689.62    22574.00    20318.00    20320.00
    12695.98    21575.00    20320.00    20320.00
    12702.33    19312.00    20321.00    20320.00
    12708.67    19702.00    20323.00    20320.00
    12715.03    20328.00    20325.00    20320.00
    12721.38    20984.00    20326.00    20330.00
    12727.74    20681.00    20328.00    20330.00
    12734.11    20488.00    20329.00    20330.00
    12740.48    23808.00    20331.00    20330.00
    12746.85    20858.00    20332.00    20330.00
    12753.22    20314.00    20334.00    20330.00
    12759.59    18506.00    20335.00    20340.00
    12765.98    19925.00    20337.00    20340.00
    12772.36    21746.00    20338.00    20340.00
    12778.75    21755.00    20340.00    20340.00
    12785.15    19517.00    20341.00    20340.00
    12791.53    17392.00    20342.00    20340.00
    12797.92    20165.00    20344.00    20340.00
    12804.32    19773.00    20345.00    20350.00
    12810.72    19244.00    20346.00    20350.00
    12817.12    23084.00    20348.00    20350.00
    12823.54    20870.00    20349.00    20350.00
    12829.96    20544.00    20350.00    20350.00
    12836.37    20178.00    20352.00    20350.00
    12842.79    20550.00    20353.00    20350.00
    12849.20    19285.00    20354.00    20350.00
    12855.64    19944.00    20355.00    20360.00
    12862.07    18988.00    20357.00    20360.00
    12868.50    22912.00    20358.00    20690.00
    12874.93    23243.00    20359.00    20720.00
    12881.36    22456.00    20360.00    20750.00
    12887.81    21632.00    20361.00    20780.00
    12894.26    20773.00    20362.00    20820.00
    12900.70    20307.00    20363.00    20860.00
    12907.15    19392.00    20364.00    20910.00
    12913.60    21072.00    20365.00    20970.00
    12920.06    21055.00    20366.00    21040.00
    12926.52    22698.00    20368.00    21130.00
    12932.98    22938.00    20369.00    21230.00
    12939.45    24185.00    20369.00    21380.00
    12945.91    23586.00    20370.00    21600.00
    12952.39    22077.00    20752.00    21970.00
    12958.86    23898.00    20782.00    22680.00
    12965.34    26050.00    20816.00    24150.00
    12971.83    23288.00    20854.00    27330.00
    12978.31    20573.00    20897.00    34120.00
    12984.79    21160.00    20945.00    48060.00
    12991.28    19865.00    21001.00    74900.00
    12997.79    22810.00    21066.00   122280.00
    13004.30    22194.00    21141.00   197210.00
    13010.79    23700.00    21232.00   301600.00
    13017.30    23842.00    21344.00   428210.00
    13023.81    21363.00    21491.00   557450.00
    13030.32    20783.00    21701.00   662620.00
    13036.84    21861.00    22035.00   720240.00
    13043.36    23078.00    22638.00   719730.00
    13049.89    25997.00    23839.00   667730.00
    13056.41    24816.00    26370.00   582520.00
    13062.93    27335.00    31758.00   484920.00
    13069.46    36717.00    42909.00   391020.00
    13076.00    53526.00    64738.00   309440.00
    13082.53    94799.00   104035.00   243050.00
    13089.07   159428.00   167981.00   190920.00
    13095.63   264595.00   260746.00   150620.00
    13102.17   385872.00   377812.00   119860.00
    13108.70   510687.00   504214.00    96380.00
    13115.26   623663.00   616266.00    78440.00
    13121.83   667565.00   689011.00    64740.00
    13128.40   677244.00   707285.00    54310.00
    13134.95   644308.00   672315.00    46370.00
    13141.52   581770.00   598496.00    40310.00
    13148.09   483987.00   505885.00    35680.00
    13154.66   405341.00   412053.00    32150.00
    13161.25   321379.00   327824.00    29460.00
    13167.83   252424.00   257929.00    27400.00
    13174.41   203261.00   202449.00    25820.00
    13181.00   157094.00   159452.00    24620.00
    13187.58   126143.00   126513.00    23700.00
    13194.17    93313.00   101381.00    22990.00
    13200.77    81498.00    82197.00    22450.00
    13207.38    68247.00    67570.00    22030.00
    13213.98    59966.00    56462.00    21710.00
    13220.58    47069.00    48006.00    21460.00
    13227.20    44255.00    41552.00    21260.00
    13233.82    41888.00    36635.00    21110.00
    13240.43    36096.00    32890.00    21000.00
    13247.05    32791.00    30033.00    20900.00
    13253.66    30668.00    27853.00    20830.00
    13260.29    30999.00    26184.00    20770.00
    13266.92    26682.00    24909.00    20400.00
    13273.55    24571.00    23933.00    20400.00
    13280.20    26389.00    23183.00    20400.00
    13286.84    26198.00    22607.00    20400.00
    13293.49    23491.00    22164.00    20400.00
    13300.14    23036.00    21822.00    20400.00
    13306.78    23424.00    21558.00    20400.00
    13313.43    25740.00    21352.00    20400.00
    13320.09    21072.00    21192.00    20400.00
    13326.75    23488.00    21066.00    20400.00
    13333.41    23555.00    20967.00    20400.00
    13340.09    23118.00    20888.00    20400.00
    13346.75    23959.00    20825.00    20400.00
    13353.41    22549.00    20775.00    20400.00
    13360.09    22055.00    20402.00    20400.00
    13366.78    17841.00    20402.00    20400.00
    13373.47    21149.00    20402.00    20400.00
    13380.15    23261.00    20402.00    20400.00
    13386.84    24894.00    20402.00    20400.00
    13393.53    23274.00    20402.00    20400.00
    13400.23    24429.00    20402.00    20400.00
    13406.93    25601.00    20402.00    20400.00
    13413.64    21877.00    20402.00    20400.00
    13420.35    25406.00    20402.00    20400.00
    13427.05    24689.00    20402.00    20400.00
    13433.76    21880.00    20402.00    20400.00
    13440.48    24376.00    20402.00    20400.00
    13447.21    25039.00    20402.00    20400.00
    13453.93    23777.00    20402.00    20400.00
    13460.65    24110.00    20402.00    20400.00
    13467.37    23751.00    20402.00    20400.00
    13474.11    19512.00    20402.00    20400.00
    13480.85    21723.00    20402.00    20400.00
    13487.59    23814.00    20402.00    20400.00
    13494.33    21013.00    20402.00    20400.00
    13501.08    21763.00    20402.00    20400.00
    13507.83    19075.00    20402.00    20400.00
    13514.59    15699.00    20402.00    20400.00
    13521.35    20358.00    20402.00    20400.00
    13528.11    19847.00    20402.00    20400.00
    13534.86    19105.00    20402.00    20400.00
    13541.63    20207.00    20402.00    20400.00
    13548.40    20604.00    20402.00    20400.00
    13555.18    22237.00    20402.00    20400.00
    13561.96    19444.00    20402.00    20400.00
    13568.73    20234.00    20401.00    20400.00
    13575.52    19093.00    20401.00    20400.00
    13582.32    18541.00    20401.00    20400.00
    13589.10    19958.00    20401.00    20400.00
    13595.88    19372.00    20401.00    20400.00
    13602.68    21115.00    20401.00    20400.00
    13609.50    21593.00    20401.00    20400.00
    13616.31    17772.00    20401.00    20400.00
    13623.11    18652.00    20401.00    20400.00
    13629.93    18682.00    20400.00    20400.00
    13636.74    19123.00    20400.00    20400.00
    13643.55    19129.00    20400.00    20400.00
    13650.38    19125.00    20400.00    20400.00
    13657.21    16674.00    20400.00    20400.00
    13664.04    19510.00    20400.00    20400.00
    13670.87    21382.00    20400.00    20400.00
    13677.70    20183.00    20400.00    20400.00
    13684.53    21474.00    20400.00    20400.00
    13691.38    19779.00    20399.00    20400.00
    13698.22    20463.00    20399.00    20400.00
    13705.07    20267.00    20399.00    20400.00
    13711.93    21077.00    20399.00    20400.00
    13718.79    20683.00    20399.00    20400.00
    13725.65    19985.00    20399.00    20400.00
    13732.51    21573.00    20399.00    20400.00
    13739.37    16926.00    20399.00    20400.00
    13746.25    14628.00    20399.00    20400.00
    13753.12    18598.00    20398.00    20400.00
    13760.00    14650.00    20398.00    20400.00
    13766.87    18753.00    20398.00    20400.00
    13773.75    18888.00    20398.00    20400.00
    13780.64    18939.00    20398.00    20400.00
    13787.53    18619.00    20398.00    20400.00
    13794.42    20189.00    20398.00    20400.00
    13801.31    20476.00    20398.00    20400.00
    13808.22    19718.00    20398.00    20400.00
    13815.13    18941.00    20398.00    20400.00
    13822.03    15963.00    20398.00    20400.00
    13828.95    17093.00    20398.00    20400.00
    13835.86    20629.00    20398.00    20400.00
    13842.77    16605.00    20397.00    20400.00
    13849.69    16335.00    20397.00    20400.00
    13856.62    21315.00    20397.00    20400.00
    13863.56    19188.00    20397.00    20400.00
    13870.48    21549.00    20397.00    20400.00
    13877.42    18130.00    20397.00    20400.00
    13884.36    18463.00    20397.00    20400.00
    13891.29    20179.00    20397.00    20400.00
    13898.25    19413.00    20397.00    20400.00
    13905.20    20903.00    20397.00    20400.00
    13912.15    19476.00    20397.00    20400.00
    13919.10    18238.00    20398.00    20400.00
    13926.06    22231.00    20398.00    20400.00
    13933.02    21118.00    20398.00    20400.00
    13939.99    20010.00    20398.00    20400.00
    13946.96    19496.00    20398.00    20400.00
    13953.94    19101.00    20398.00    20400.00
    13960.92    20214.00    20398.00    20400.00
    13967.91    20581.00    20398.00    20400.00
    13974.89    16940.00    20398.00    20400.00
    13981.87    17387.00    20398.00    20400.00
    13988.86    18704.00    20399.00    20400.00
    13995.85    19023.00    20399.00    20400.00
    14002.85    18981.00    20399.00    20400.00
    14009.85    19928.00    20399.00    20400.00
    14016.86    21967.00    20399.00    20400.00
    14023.88    19561.00    20400.00    20400.00
    14030.89    19890.00    20400.00    20400.00
    14037.91    18457.00    20400.00    20400.00
    14044.92    20890.00    20400.00    20400.00
    14051.93    20646.00    20401.00    20400.00
    14058.96    20504.00    20401.00    20400.00
    14065.99    21619.00    20401.00    20400.00
    14073.02    22692.00    20401.00    20400.00
    14080.06    19223.00    20402.00    20400.00
    14087.11    20681.00    20402.00    20400.00
    14094.15    18497.00    20403.00    20400.00
    14101.19    19848.00    20403.00    20400.00
    14108.24    18901.00    20403.00    20400.00
    14115.30    18253.00    20404.00    20400.00
    14122.36    22198.00    20404.00    20400.00
    14129.42    21203.00    20405.00    20400.00
    14136.48    22250.00    20405.00    20410.00
    14143.54    21511.00    20406.00    20410.00
    14150.61    20587.00    20406.00    20410.00
    14157.69    19557.00    20407.00    20410.00
    14164.76    18712.00    20407.00    20410.00
    14171.85    19958.00    20408.00    20410.00
    14178.94    19082.00    20408.00    20410.00
    14186.03    17823.00    20409.00    20410.00
    14193.12    19663.00    20410.00    20410.00
    14200.21    21751.00    20410.00    20410.00
    14207.32    18966.00    20411.00    20410.00
    14214.42    17264.00    20412.00    20410.00
    14221.53    20136.00    20413.00    20410.00
    14228.63    18774.00    20413.00    20410.00
    14235.75    21134.00    20414.00    20410.00
    14242.87    19067.00    20415.00    20410.00
    14249.99    19477.00    20416.00    20420.00
    14257.12    19081.00    20417.00    20420.00
    14264.24    16933.00    20417.00    20420.00
    14271.37    19833.00    20418.00    20420.00
    14278.51    21616.00    20419.00    20420.00
    14285.64    20774.00    20420.00    20420.00
    14292.80    23428.00    20421.00    20420.00
    14299.95    20946.00    20422.00    20420.00
    14307.10    20983.00    20423.00    20420.00
    14314.25    16417.00    20424.00    20420.00
    14321.40    17940.00    20425.00    20430.00
    14328.57    18392.00    20426.00    20430.00
    14335.74    20283.00    20428.00    20430.00
    14342.90    20347.00    20429.00    20430.00
    14350.07    19535.00    20430.00    20430.00
    14357.25    18911.00    20431.00    20430.00
    14364.43    18525.00    20432.00    20430.00
    14371.61    20544.00    20434.00    20430.00
    14378.80    16860.00    20435.00    20430.00
    14385.98    21485.00    20436.00    20440.00
    14393.17    18360.00    20438.00    20440.00
    14400.37    20454.00    20439.00    20440.00
    14407.57    21501.00    20440.00    20440.00
    14414.77    21227.00    20442.00    20440.00
    14421.98    17596.00    20443.00    20440.00
    14429.19    18544.00    20445.00    20440.00
    14436.40    20795.00    20446.00    20450.00
    14443.63    19788.00    20448.00    20450.00
    14450.86    17563.00    20450.00    20450.00
    14458.07    17173.00    20451.00    20450.00
    14465.30    19432.00    20453.00    20450.00
    14472.54    19173.00    20455.00    20450.00
    14479.77    18788.00    20457.00    20460.00
    14487.02    23954.00    20458.00    20460.00
    14494.26    22882.00    20460.00    20460.00
    14501.50    15294.00    20462.00    20460.00
    14508.76    17516.00    20464.00    20460.00
    14516.02    19495.00    20466.00    20470.00
    14523.28    21377.00    20468.00    20470.00
    14530.54    20651.00    20470.00    20470.00
    14537.79    21579.00    20472.00    20470.00
    14545.05    20125.00    20474.00    20470.00
    14552.33    18222.00    20476.00    20480.00
    14559.62    19757.00    20478.00    20480.00
    14566.89    22679.00    20480.00    20480.00
    14574.16    18806.00    20483.00    20480.00
    14581.45    22724.00    20485.00    20480.00
    14588.74    21491.00    20487.00    20490.00
    14596.05    20238.00    20490.00    20490.00
    14603.35    21488.00    20492.00    20490.00
    14610.64    19340.00    20494.00    20490.00
    14617.94    21158.00    20497.00    20500.00
    14625.26    20791.00    20499.00    20500.00
    14632.58    17221.00    20502.00    20500.00
    14639.89    21694.00    20505.00    20500.00
    14647.21    21116.00    20507.00    20510.00
    14654.54    18784.00    20510.00    20510.00
    14661.86    19797.00    20513.00    20510.00
    14669.18    18184.00    20515.00    20520.00
    14676.52    20181.00    20518.00    20520.00
    14683.87    21815.00    20521.00    20520.00
    14691.20    18476.00    20524.00    20520.00
    14698.54    22013.00    20527.00    20530.00
    14705.89    16297.00    20530.00    20530.00
    14713.25    19275.00    20533.00    20530.00
    14720.62    25017.00    20536.00    20540.00
    14727.97    21863.00    20539.00    20540.00
    14735.34    21618.00    20542.00    20540.00
    14742.70    20762.00    20545.00    20550.00
    14750.07    21459.00    20549.00    20550.00
    14757.45    20470.00    20552.00    20550.00
    14764.83    20729.00    20555.00    20560.00
    14772.21    20075.00    20559.00    20560.00
    14779.59    18922.00    20562.00    20560.00
    14786.99    17746.00    20566.00    20570.00
    14794.38    20250.00    20569.00    20570.00
    14801.78    24707.00    20573.00    20570.00
    14809.18    19514.00    20577.00    20580.00
    14816.57    19133.00    20580.00    20580.00
    14823.99    18729.00    20584.00    20580.00
    14831.40    17266.00    20588.00    20590.00
    14838.81    22098.00    20592.00    20590.00
    14846.24    22389.00    20596.00    20600.00
    14853.66    22122.00    20599.00    20600.00
    14861.09    24446.00    20603.00    20600.00
    14868.52    18637.00    20608.00    20610.00
    14875.94    17734.00    20612.00    20610.00
    14883.39    19896.00    20616.00    20620.00
    14890.83    22305.00    20620.00    20620.00
    14898.27    22918.00    20624.00    20620.00
    14905.73    20051.00    20629.00    20630.00
    14913.19    20310.00    20633.00    20630.00
    14920.63    21082.00    20637.00    20640.00
    14928.09    23492.00    20642.00    20640.00
    14935.56    24270.00    20646.00    20650.00
    14943.03    21576.00    20651.00    20650.00
    14950.50    20734.00    20656.00    20660.00
    14957.98    22177.00    20660.00    20660.00
    14965.45    17603.00    20665.00    20660.00
    14972.94    16841.00    20670.00    20670.00
    14980.43    21638.00    20675.00    20670.00
    14987.92    20780.00    20680.00    20680.00
    14995.40    19590.00    20684.00    20680.00
    15002.89    22382.00    20690.00    20690.00
    15010.40    24579.00    20695.00    20690.00
    15017.90    20757.00    20700.00    20700.00
    15025.42    21540.00    20705.00    20700.00
    15032.94    20015.00    20710.00    20710.00
    15040.46    22771.00    20716.00    20720.00
    15047.97    23665.00    20721.00    20720.00
    15055.49    21292.00    20726.00    20730.00
    15063.03    19768.00    20732.00    20730.00
    15070.56    20132.00    20737.00    20740.00
    15078.10    20115.00    20743.00    20740.00
    15085.63    18842.00    20749.00    20750.00
    15093.16    17816.00    20754.00    20750.00
    15100.71    18263.00    20760.00    20760.00
    15108.26    21596.00    20766.00    20770.00
    15115.81    20541.00    20772.00    20770.00
    15123.38    21730.00    20778.00    20780.00
    15130.94    19105.00    20784.00    20780.00
    15138.51    19798.00    20790.00    20790.00
    15146.07    18407.00    20796.00    20800.00
    15153.65    20765.00    20802.00    20800.00
    15161.23    22998.00    20809.00    20810.00
    15168.81    19507.00    20815.00    20810.00
    15176.39    18290.00    20821.00    20820.00
    15183.97    18830.00    20828.00    20830.00
    15191.57    22552.00    20834.00    20830.00
    15199.16    20183.00    20841.00    20840.00
    15206.76    20497.00    20847.00    20850.00
    15214.37    22595.00    20854.00    20850.00
    15221.98    19032.00    20861.00    20860.00
    15229.59    21432.00    20868.00    20870.00
    15237.20    24839.00    20875.00    20870.00
    15244.81    18963.00    20882.00    20880.00
    15252.44    19075.00    20889.00    20890.00
    15260.07    24779.00    20896.00    20900.00
    15267.69    21947.00    20903.00    20900.00
    15275.33    23883.00    20910.00    20910.00
    15282.97    20927.00    20917.00    20920.00
    15290.62    21229.00    20925.00    20920.00
    15298.26    20114.00    20932.00    20930.00
    15305.90    16884.00    20940.00    20940.00
    15313.55    19372.00    20947.00    20950.00
    15321.21    21029.00    20955.00    20950.00
    15328.87    20267.00    20963.00    20960.00
    15336.54    21704.00    20970.00    20970.00
    15344.21    17552.00    20978.00    20980.00
    15351.88    19831.00    20986.00    20990.00
    15359.56    19455.00    20994.00    20990.00
    15367.23    19301.00    21002.00    21000.00
    15374.92    26017.00    21010.00    21010.00
    15382.60    26236.00    21018.00    21020.00
    15390.29    21905.00    21026.00    21030.00
    15397.99    21391.00    21035.00    21030.00
    15405.70    24947.00    21043.00    21040.00
    15413.40    22469.00    21051.00    21050.00
    15421.10    18391.00    21060.00    21060.00
    15428.80    22415.00    21068.00    21070.00
    15436.52    22109.00    21077.00    21080.00
    15444.24    20866.00    21086.00    21090.00
    15451.96    17981.00    21095.00    21090.00
    15459.69    20956.00    21103.00    21100.00
    15467.42    20530.00    21112.00    21110.00
    15475.16    23159.00    21121.00    21120.00
    15482.89    20405.00    21130.00    21130.00
    15490.62    19539.00    21139.00    21140.00
    15498.37    15200.00    21149.00    21150.00
    15506.12    17657.00    21158.00    21160.00
    15513.87    19758.00    21167.00    21170.00
    15521.63    20015.00    21176.00    21180.00
    15529.40    21948.00    21186.00    21190.00
    15537.16    20348.00    21195.00    21200.00
    15544.94    22057.00    21205.00    21210.00
    15552.70    24167.00    21215.00    21210.00
    15560.47    20027.00    21224.00    21220.00
    15568.25    19994.00    21234.00    21230.00
    15576.04    19357.00    21244.00    21240.00
    15583.84    19773.00    21254.00    21250.00
    15591.63    22629.00    21264.00    21260.00
    15599.42    19858.00    21274.00    21270.00
    15607.22    22128.00    21284.00    21280.00
    15615.03    23767.00    21295.00    21290.00
    15622.84    25254.00    21305.00    21300.00
    15630.65    24234.00    21315.00    21320.00
    15638.46    18124.00    21326.00    21330.00
    15646.27    20953.00    21336.00    21340.00
    15654.09    22941.00    21347.00    21350.00
    15661.93    23618.00    21357.00    21360.00
    15669.76    22087.00    21368.00    21370.00
    15677.58    22836.00    21379.00    21380.00
    15685.42    22102.00    21390.00    21390.00
    15693.27    22045.00    21401.00    21400.00
    15701.12    23148.00    21412.00    21410.00
    15708.98    23919.00    21423.00    21420.00
    15716.83    19339.00    21434.00    21430.00
    15724.69    21352.00    21445.00    21440.00
    15732.54    21688.00    21456.00    21460.00
    15740.41    20118.00    21468.00    21470.00
    15748.29    21942.00    21479.00    21480.00
    15756.16    23050.00    21491.00    21490.00
    15764.03    22854.00    21502.00    21500.00
    15771.91    24000.00    21514.00    21510.00
    15779.80    23050.00    21525.00    21530.00
    15787.69    26117.00    21537.00    21540.00
    15795.59    24760.00    21549.00    21550.00
    15803.49    25719.00    21561.00    21560.00
    15811.39    21042.00    21573.00    21570.00
    15819.29    26756.00    21585.00    21580.00
    15827.20    21126.00    21597.00    21600.00
    15835.11    17128.00    21609.00    22050.00
    15843.03    21792.00    21621.00    22100.00
    15850.95    21933.00    21634.00    22150.00
    15858.88    21971.00    21646.00    22210.00
    15866.81    18124.00    21659.00    22270.00
    15874.74    18479.00    21671.00    22340.00
    15882.68    20154.00    21684.00    22420.00
    15890.62    24093.00    21697.00    22510.00
    15898.57    22397.00    21709.00    22620.00
    15906.52    21745.00    21722.00    22740.00
    15914.47    25833.00    21735.00    22900.00
    15922.41    28400.00    21748.00    23110.00
    15930.38    23347.00    21761.00    23420.00
    15938.34    22272.00    22296.00    23940.00
    15946.32    20315.00    22351.00    24930.00
    15954.30    26408.00    22410.00    26960.00
    15962.27    22920.00    22476.00    31330.00
    15970.25    19582.00    22549.00    40720.00
    15978.23    23755.00    22630.00    60110.00
    15986.22    24815.00    22722.00    97720.00
    15994.22    24578.00    22827.00   164370.00
    16002.21    21388.00    22948.00   270360.00
    16010.22    22422.00    23093.00   419330.00
    16018.23    23821.00    23272.00   599750.00
    16026.24    21125.00    23507.00   782750.00
    16034.25    24917.00    23846.00   928320.00
    16042.26    29901.00    24398.00  1001160.00
    16050.28    27628.00    25415.00   986690.00
    16058.30    29038.00    27473.00   896330.00
    16066.33    32240.00    31841.00   759630.00
    16074.37    41687.00    41149.00   609120.00
    16082.41    53513.00    60270.00   469690.00
    16090.45    88459.00    97062.00   353750.00
    16098.50   155493.00   162079.00   263620.00
    16106.56   264652.00   265193.00   196520.00
    16114.61   416266.00   409559.00   147680.00
    16122.67   605686.00   584537.00   112490.00
    16130.72   783405.00   762718.00    87220.00
    16138.78   917349.00   905956.00    69090.00
    16146.85   953896.00   979999.00    56080.00
    16154.93   943188.00   969438.00    46730.00
    16163.00   877425.00   884446.00    40040.00
    16171.07   769618.00   752884.00    35240.00
    16179.16   636861.00   606118.00    31790.00
    16187.26   494880.00   468571.00    29310.00
    16195.36   368678.00   353400.00    27550.00
    16203.45   286932.00   263758.00    26330.00
    16211.55   206628.00   196712.00    25550.00
    16219.66   160006.00   147768.00    25190.00
    16227.78   123078.00   112522.00    25340.00
    16235.89    90014.00    87254.00    26130.00
    16244.01    77573.00    69165.00    27760.00
    16252.13    60874.00    56211.00    30300.00
    16260.24    51820.00    46933.00    33600.00
    16268.37    43751.00    40272.00    37160.00
    16276.52    39500.00    35493.00    40210.00
    16284.65    39420.00    32080.00    41970.00
    16292.78    32175.00    29650.00    42050.00
    16300.93    35229.00    27949.00    40140.00
    16309.09    36351.00    26836.00    37600.00
    16317.25    35451.00    26274.00    34640.00
    16325.40    38455.00    26340.00    31820.00
    16333.56    37063.00    27230.00    29430.00
    16341.74    35090.00    29211.00    27560.00
    16349.90    40032.00    32476.00    26160.00
    16358.06    40411.00    36950.00    25150.00
    16366.26    44474.00    42118.00    24430.00
    16374.45    47171.00    46969.00    23910.00
    16382.63    43590.00    50343.00    23550.00
    16390.82    48563.00    51423.00    23300.00
    16399.01    50189.00    50065.00    23120.00
    16407.21    41213.00    46377.00    23000.00
    16415.41    37441.00    42206.00    22920.00
    16423.62    41411.00    37942.00    22870.00
    16431.83    40224.00    34166.00    22830.00
    16440.05    33780.00    31114.00    22810.00
    16448.28    34196.00    28797.00    22810.00
    16456.50    26155.00    27100.00    22800.00
    16464.74    24277.00    25878.00    22810.00
    16472.96    30203.00    25011.00    23240.00
    16481.18    27324.00    24397.00    23280.00
    16489.44    27275.00    23963.00    23330.00
    16497.69    29094.00    23659.00    23390.00
    16505.93    25884.00    23447.00    23460.00
    16514.18    22182.00    23300.00    23530.00
    16522.44    26621.00    23200.00    23610.00
    16530.69    22170.00    23134.00    23710.00
    16538.96    23638.00    23091.00    23820.00
    16547.23    23874.00    23065.00    23940.00
    16555.50    26842.00    23051.00    24120.00
    16563.78    25056.00    23046.00    24360.00
    16572.07    29286.00    23522.00    24740.00
    16580.35    26536.00    23564.00    25410.00
    16588.65    27036.00    23615.00    26740.00
    16596.95    23907.00    23673.00    29560.00
    16605.25    19796.00    23740.00    35650.00
    16613.55    20227.00    23815.00    48520.00
    16621.85    18468.00    23900.00    74310.00
    16630.15    24056.00    23998.00   122110.00
    16638.47    24558.00    24111.00   202510.00
    16646.80    26096.00    24245.00   322890.00
    16655.13    19618.00    24395.00   479730.00
    16663.46    19329.00    24607.00   653520.00
    16671.79    27152.00    24906.00   810140.00
    16680.12    31225.00    25378.00   912150.00
    16688.45    25865.00    26227.00   935250.00
    16696.80    26154.00    27922.00   879060.00
    16705.14    26145.00    31499.00   765280.00
    16713.49    32217.00    39122.00   625420.00
    16721.85    40648.00    54938.00   487100.00
    16730.21    65296.00    85787.00   367660.00
    16738.57   120364.00   141080.00   273140.00
    16746.95   214265.00   230666.00   202170.00
    16755.32   356922.00   358962.00   150650.00
    16763.70   524284.00   518489.00   113850.00
    16772.09   711323.00   686240.00    87690.00
    16780.47   849702.00   826646.00    69210.00
    16788.85   950782.00   906101.00    56130.00
    16797.25   942807.00   906902.00    46840.00
    16805.66   852921.00   834797.00    40260.00
    16814.05   747038.00   714735.00    35610.00
    16822.46   609284.00   576741.00    32310.00
    16830.88   468034.00   445371.00    29960.00
    16839.29   336181.00   334761.00    28290.00
    16847.69   251888.00   248491.00    27100.00
    16856.13   189949.00   184183.00    26260.00
    16864.57   145303.00   137757.00    25650.00
    16872.99   109629.00   104741.00    25220.00
    16881.43    86986.00    81315.00    24910.00
    16889.87    78029.00    64756.00    24680.00
    16898.30    59366.00    53050.00    24520.00
    16906.76    48604.00    44758.00    24410.00
    16915.21    44070.00    38893.00    24320.00
    16923.66    42420.00    34736.00    24260.00
    16932.13    35889.00    31784.00    24220.00
    16940.60    31593.00    29688.00    24190.00
    16949.07    28168.00    28197.00    23820.00
    16957.55    32720.00    27132.00    23840.00
    16966.04    32150.00    26371.00    23850.00
    16974.52    28017.00    25826.00    23870.00
    16983.00    24186.00    25435.00    23890.00
    16991.49    25499.00    25152.00    23910.00
    16999.99    30671.00    24948.00    23930.00
    17008.48    28135.00    24799.00    23950.00
    17016.98    30790.00    24692.00    23970.00
    17025.50    21210.00    24613.00    23990.00
    17034.01    27147.00    24556.00    24010.00
    17042.53    26968.00    24515.00    24030.00
    17051.04    23015.00    24485.00    24040.00
    17059.57    25038.00    24064.00    24060.00
    17068.10    18092.00    24083.00    24080.00
    17076.63    28285.00    24102.00    24100.00
    17085.17    22444.00    24121.00    24120.00
    17093.72    21542.00    24140.00    24140.00
    17102.26    25305.00    24159.00    24160.00
    17110.81    28314.00    24179.00    24180.00
    17119.37    22053.00    24198.00    24200.00
    17127.93    20277.00    24217.00    24220.00
    17136.49    21710.00    24236.00    24240.00
    17145.06    23206.00    24255.00    24250.00
    17153.64    17628.00    24274.00    24270.00
    17162.21    21947.00    24293.00    24290.00
    17170.79    28654.00    24312.00    24310.00
    17179.38    23352.00    24331.00    24330.00
    17187.97    30397.00    24350.00    24350.00
    17196.56    26057.00    24369.00    24370.00
    17205.17    21567.00    24389.00    24390.00
    17213.78    23980.00    24408.00    24410.00
    17222.38    21877.00    24427.00    24430.00
    17230.99    22894.00    24446.00    24450.00
    17239.59    16893.00    24465.00    24460.00
    17248.21    26428.00    24484.00    24480.00
    17256.85    24213.00    24503.00    24500.00
    17265.47    24224.00    24522.00    24520.00
    17274.10    28135.00    24541.00    24540.00
    17282.73    29630.00    24559.00    24560.00
    17291.38    30282.00    24578.00    24580.00
    17300.04    27996.00    24597.00    24600.00
    17308.67    24008.00    24616.00    24620.00
    17317.32    23636.00    24635.00    24640.00
    17325.99    24054.00    24654.00    24650.00
    17334.66    19103.00    24673.00    24670.00
    17343.33    20048.00    24692.00    24690.00
    17351.99    28438.00    24710.00    24710.00
    17360.66    29671.00    24729.00    24730.00
    17369.34    25157.00    24748.00    24750.00
    17378.04    21755.00    24766.00    24770.00
    17386.72    23355.00    24785.00    24790.00
    17395.41    23342.00    24804.00    24800.00
    17404.11    26090.00    24822.00    24820.00
    17412.82    28328.00    24841.00    24840.00
    17421.53    19637.00    24860.00    24860.00
    17430.23    25260.00    24878.00    24880.00
    17438.94    24510.00    24897.00    24900.00
    17447.67    30895.00    24915.00    24910.00
    17456.40    24500.00    24933.00    24930.00
    17465.13    29931.00    24952.00    24950.00
    17473.86    23327.00    24970.00    24970.00
    17482.59    20387.00    24988.00    24990.00
    17491.33    25957.00    25007.00    25010.00
    17500.07    27300.00    25025.00    25020.00
    17508.82    26977.00    25043.00    25040.00
    17517.58    24759.00    25061.00    25060.00
    17526.34    28194.00    25079.00    25080.00
    17535.10    26325.00    25097.00    25100.00
    17543.87    20914.00    25116.00    25120.00
    17552.65    20870.00    25134.00    25130.00
    17561.42    22759.00    25151.00    25150.00
    17570.21    27705.00    25169.00    25170.00
    17578.98    21246.00    25187.00    25190.00
    17587.77    23465.00    25205.00    25200.00
    17596.58    21905.00    25223.00    25220.00
    17605.37    21416.00    25240.00    25240.00
    17614.17    23464.00    25258.00    25260.00
    17622.98    27732.00    25276.00    25280.00
    17631.79    24658.00    25293.00    25290.00
    17640.61    30977.00    25311.00    25310.00
    17649.43    20565.00    25328.00    25330.00
    17658.25    24783.00    25345.00    25350.00
    17667.08    31028.00    25363.00    25360.00
    17675.92    20330.00    25380.00    25380.00
    17684.75    26274.00    25397.00    25400.00
    17693.59    21813.00    25414.00    25410.00
    17702.43    22798.00    25431.00    25430.00
    17711.28    24732.00    25449.00    25450.00
    17720.14    27961.00    25465.00    25470.00
    17729.01    25119.00    25482.00    25480.00
    17737.88    22366.00    25499.00    25500.00
    17746.74    25722.00    25516.00    25520.00
    17755.61    26223.00    25533.00    25530.00
    17764.49    25134.00    25549.00    25550.00
    17773.37    21731.00    25566.00    25570.00
    17782.25    26523.00    25582.00    25580.00
    17791.15    28900.00    25599.00    25600.00
    17800.05    26105.00    25615.00    25620.00
    17808.95    22893.00    25631.00    25630.00
    17817.86    21060.00    25648.00    25650.00
    17826.77    24579.00    25664.00    25660.00
    17835.68    21911.00    25680.00    25680.00
    17844.60    23934.00    25696.00    25700.00
    17853.51    23652.00    25712.00    25710.00
    17862.44    26179.00    25728.00    25730.00
    17871.38    27724.00    25743.00    25740.00
    17880.30    22128.00    25759.00    25760.00
    17889.23    26906.00    25775.00    25770.00
    17898.19    27948.00    25790.00    25790.00
    17907.15    22160.00    25806.00    25810.00
    17916.09    25134.00    25821.00    25820.00
    17925.05    30887.00    25836.00    25840.00
    17934.01    30542.00    25851.00    25850.00
    17942.97    24180.00    25866.00    25870.00
    17951.94    31721.00    25881.00    25880.00
    17960.91    22622.00    25896.00    25900.00
    17969.90    25985.00    25911.00    25910.00
    17978.89    19429.00    25926.00    25930.00
    17987.88    20260.00    25941.00    25940.00
    17996.88    21855.00    25955.00    25960.00
    18005.88    25403.00    25970.00    25970.00
    18014.86    21596.00    25984.00    25980.00
    18023.88    24330.00    25998.00    26000.00
    18032.90    29610.00    26013.00    26010.00
    18041.91    29933.00    26027.00    26030.00
    18050.93    23984.00    26041.00    26040.00
    18059.96    29283.00    26055.00    26050.00
    18069.00    32539.00    26068.00    26070.00
    18078.03    31521.00    26082.00    26080.00
    18087.07    24207.00    26096.00    26100.00
    18096.10    25721.00    26109.00    26110.00
    18105.15    30976.00    26123.00    26120.00
    18114.20    22970.00    26136.00    26140.00
    18123.25    29492.00    26149.00    26150.00
    18132.32    29508.00    26162.00    26160.00
    18141.38    20759.00    26175.00    26180.00
    18150.46    27235.00    26188.00    26190.00
    18159.54    31654.00    26201.00    26200.00
    18168.62    28726.00    26213.00    26210.00
    18177.71    31489.00    26226.00    26230.00
    18186.79    29198.00    26238.00    26240.00
    18195.88    26200.00    26251.00    26420.00
    18204.98    28840.00    26263.00    26450.00
    18214.08    27369.00    26275.00    26480.00
    18223.19    24931.00    26287.00    26510.00
    18232.30    22848.00    26299.00    26540.00
    18241.41    28309.00    26311.00    26580.00
    18250.54    25307.00    26322.00    26620.00
    18259.66    21744.00    26334.00    26660.00
    18268.79    23360.00    26345.00    26710.00
    18277.93    24365.00    26357.00    26770.00
    18287.07    23397.00    26368.00    26840.00
    18296.22    23190.00    26379.00    26950.00
    18305.36    28912.00    26390.00    27100.00
    18314.50    24136.00    26608.00    27380.00
    18323.66    22669.00    26636.00    27920.00
    18332.83    28533.00    26665.00    29070.00
    18342.00    32206.00    26697.00    31540.00
    18351.18    26661.00    26732.00    36780.00
    18360.35    25498.00    26770.00    47340.00
    18369.52    17116.00    26812.00    67010.00
    18378.71    21887.00    26860.00   100300.00
    18387.90    28610.00    26915.00   150340.00
    18397.09    26520.00    26980.00   215850.00
    18406.29    29997.00    27060.00   288870.00
    18415.49    25966.00    27167.00   354750.00
    18424.70    22351.00    27326.00   397310.00
    18433.91    31080.00    27593.00   405890.00
    18443.13    34900.00    28099.00   380250.00
    18452.35    31330.00    29143.00   330000.00
    18461.59    24352.00    31376.00   268950.00
    18470.82    34676.00    36101.00   209490.00
    18480.05    33829.00    45654.00   159000.00
    18489.29    44533.00    63615.00   119890.00
    18498.52    74937.00    94354.00    91330.00
    18507.77   133788.00   141418.00    71180.00
    18517.04   209145.00   204635.00    57230.00
    18526.30   290103.00   277175.00    47670.00
    18535.56   369576.00   345655.00    41140.00
    18544.83   415019.00   393863.00    36670.00
    18554.09   414578.00   409668.00    33620.00
    18563.37   381119.00   390629.00    31530.00
    18572.65   338885.00   344473.00    30100.00
    18581.93   296538.00   284582.00    29110.00
    18591.23   242320.00   223748.00    28430.00
    18600.52   174154.00   170622.00    27960.00
    18609.82   137004.00   128652.00    27640.00
    18619.13    97450.00    97581.00    27420.00
    18628.44    82877.00    75549.00    27260.00
    18637.75    70974.00    60274.00    27150.00
    18647.08    53141.00    49781.00    27070.00
    18656.40    43154.00    42615.00    27010.00
    18665.73    32652.00    37725.00    26970.00
    18675.07    32625.00    34379.00    26940.00
    18684.41    33575.00    32092.00    26920.00
    18693.75    35123.00    30525.00    26910.00
    18703.09    30588.00    29449.00    26890.00
    18712.43    23538.00    28707.00    26740.00
    18721.79    16850.00    28193.00    26750.00
    18731.16    25493.00    27836.00    26750.00
    18740.53    26243.00    27586.00    26750.00
    18749.91    30279.00    27410.00    26760.00
    18759.28    32093.00    27285.00    26760.00
    18768.65    26106.00    27195.00    26770.00
    18778.04    30750.00    27130.00    26770.00
    18787.42    30324.00    27082.00    26770.00
    18796.81    27823.00    27046.00    26780.00
    18806.21    25529.00    27018.00    26780.00
    18815.62    26942.00    26997.00    26790.00
    18825.02    28642.00    26980.00    26790.00
    18834.44    26270.00    26791.00    26790.00
    18843.85    22049.00    26794.00    26790.00
    18853.27    20049.00    26797.00    26800.00
    18862.70    20898.00    26799.00    26800.00
    18872.14    31507.00    26801.00    26800.00
    18881.57    23377.00    26804.00    26800.00
    18891.00    32405.00    26806.00    26810.00
    18900.45    24506.00    26808.00    26810.00
    18909.91    37462.00    26809.00    26810.00
    18919.36    22360.00    26811.00    26810.00
    18928.81    21811.00    26812.00    26810.00
    18938.28    29534.00    26813.00    26810.00
    18947.75    24800.00    26814.00    26810.00
    18957.23    21571.00    26815.00    26820.00
    18966.71    35937.00    26816.00    26820.00
    18976.19    26208.00    26817.00    26820.00
    18985.67    19929.00    26817.00    26820.00
    18995.16    26780.00    26817.00    26820.00
    19004.66    22232.00    26817.00    26820.00
